551554
2948404
339400
1647775
914110
1192026
98359
1393075
2934720
2536662
1455468
3111280
2308235
1804479
3465038
801826
1903313
690566
2012060
1561943
647528
3380548
190056
2492009
1446557
166543
3444914
47705
2463236
1149896
1209605
796437
2471943
3062885
3337794
440351
440349
1647284
439887
1384758
1136071
3501667
1044090
1031060
2187345
794514
1112911
1828596
65310
2925250
3468107
1274894
1082514
102919
2889040
682767
351478
1245724
1209915
2073069
2099275
147547
1207816
1867463
2705639
1082141
348572
36732
163708
2858693
1838545
2204643
1712841
3238346
1019730
3491310
3481966
138852
241585
2985569
1327811
3377839
1209499
2031539
922581
863418
534120
49278
1822503
259815
494706
329523
1238246
1690452
2977251
930715
2188871
1249610
155602
498473
1338235
2209439
2640743
841465
2068272
438467
2516641
1341881
2083492
3601194
3703244
3040797
3649048
3099035
1979445
2535888
1127666
3698073
1072823
3140492
1822636
3082832
2295431
736885
3097419
2215317
1337565
1509956
377653
1381186
1285634
1508613
694730
1045782
736877
323262
300572
114782
3264048
778315
3113513
2923186
2273598
1868911
2181947
1839184
2181968
1866784
2306471
593333
620817
1478810
336368
336373
336377
385506
594132
2608864
1478822
1149962
1565402
1072696
828911
791049
2137080
3076954
336369
923882
1285341
3266673
1046544
1236578
103417
620822
1875813
2847724
2447163
1149924
50573
1296353
100343
1772560
731152
100342
3623317
1245666
428077
190055
2146181
1412683
440520
55067
351266
2064522
2534484
455338
1985027
691939
477832
1245959
1587287
404072
139012
1593318
192987
593341
1660789
1950873
3271579
209956
63564
553462
53637
1590012
1589613
553463
600497
1756274
3106213
3703230
2107052
2320819
3698507
11015
1617121
1702788
2120004
3695678
3325080
2439189
3616194
2713356
615429
540115
1761292
3048299
192991
192979
2068298
384596
1746272
2041218
2112225
1305598
384593
1784150
2736978
1707255
1901084
535263
1673633
